0 0.303125 0.788333320618 0.125 0.166666666667
0 0.315625 0.48208332061799997 0.125 0.166666666667
0 0.3265625 0.12583333651199996 0.125 0.166666666667
0 0.1015625 0.288333320618 0.125 0.166666666667
0 0.09062500000000001 0.598749987284 0.125 0.166666666667
0 0.540625 0.650833320618 0.125 0.166666666667
0 0.5703125 0.300833320618 0.125 0.166666666667
0 0.7796875 0.473749987284 0.125 0.166666666667
0 0.7734375 0.14666666984599996 0.125 0.166666666667
0 0.96875 0.673749987284 0.125 0.166666666667
0 0.9828125000000001 0.327916653951 0.125 0.166666666667
