0 0.21875 0.198750003179 0.125 0.166666666667
0 0.4625 0.386249987284 0.125 0.166666666667
0 0.6796875 0.550833320618 0.125 0.166666666667
0 0.678125 0.238333336512 0.125 0.166666666667
0 0.20937499999999998 0.846666653951 0.125 0.166666666667
0 0.215625 0.534166653951 0.125 0.166666666667
0 0.8875 0.365416653951 0.125 0.166666666667
0 0.884375 0.736249987284 0.125 0.166666666667
0 0.47187500000000004 0.0570833365122 0.125 0.166666666667
0 0.453125 0.696666653951 0.125 0.166666666667
0 0.9015625 0.04666666984559999 0.125 0.166666666667
