0 0.2828125 0.746666653951 0.125 0.166666666667
0 0.275 0.421666653951 0.125 0.166666666667
0 0.278125 0.105000003179 0.125 0.166666666667
0 0.048437499999999994 0.536249987284 0.125 0.166666666667
0 0.0421875 0.223750003179 0.125 0.166666666667
0 0.5296875 0.542499987284 0.125 0.166666666667
0 0.5125 0.21958333651199996 0.125 0.166666666667
0 0.7546875 0.711249987284 0.125 0.166666666667
0 0.7625 0.377916653951 0.125 0.166666666667
0 0.7375 0.07166666984560001 0.125 0.166666666667
0 0.9484375 0.20916666984599996 0.125 0.166666666667
0 0.9593750000000001 0.554999987284 0.125 0.166666666667
