0 0.22031250000000002 0.646666653951 0.125 0.166666666667
0 0.20937499999999998 0.304999987284 0.125 0.166666666667
0 0.4625 0.45499998728399993 0.125 0.166666666667
0 0.45781249999999996 0.777916653951 0.125 0.166666666667
0 0.4203125 0.08416666984560002 0.125 0.166666666667
0 0.675 0.255000003179 0.125 0.166666666667
0 0.690625 0.621666653951 0.125 0.166666666667
0 0.9125 0.41958332061799997 0.125 0.166666666667
0 0.9125 0.740416653951 0.125 0.166666666667
0 0.8890625 0.08625000317889998 0.125 0.166666666667
