0 0.53125 0.277916653951 0.125 0.166666666667
0 0.5265625 0.654999987284 0.125 0.166666666667
0 0.7546875 0.48208332061799997 0.125 0.166666666667
0 0.746875 0.148750003179 0.125 0.166666666667
0 0.9875 0.323749987284 0.125 0.166666666667
0 0.9906250000000001 0.638333320618 0.125 0.166666666667
0 0.0359375 0.265416669846 0.125 0.166666666667
0 0.0234375 0.634166653951 0.125 0.166666666667
0 0.2765625 0.11750000317900001 0.125 0.166666666667
0 0.259375 0.461249987284 0.125 0.166666666667
0 0.2578125 0.834166653951 0.125 0.166666666667
