0 0.175 0.861249987284 0.125 0.166666666667
0 0.18125 0.519583320618 0.125 0.166666666667
0 0.178125 0.18833333651199996 0.125 0.166666666667
0 0.3890625 0.0654166698456 0.125 0.166666666667
0 0.44218749999999996 0.348749987284 0.125 0.166666666667
0 0.43125 0.692499987284 0.125 0.166666666667
0 0.65 0.4945833206179999 0.125 0.166666666667
0 0.6375 0.184166669846 0.125 0.166666666667
0 0.8703125 0.682083320618 0.125 0.166666666667
0 0.8703125 0.340416653951 0.125 0.166666666667
0 0.846875 0.0341666698456 0.125 0.166666666667
