0 0.8265625 0.777916653951 0.125 0.166666666667
0 0.803125 0.459166653951 0.125 0.166666666667
0 0.8046875 0.12166666984600001 0.125 0.166666666667
0 0.584375 0.671666653951 0.125 0.166666666667
0 0.5546875 0.332083320618 0.125 0.166666666667
0 0.3375 0.45708332061799994 0.125 0.166666666667
0 0.3265625 0.192500003179 0.125 0.166666666667
0 0.115625 0.690416653951 0.125 0.166666666667
0 0.33125 0.825833320618 0.125 0.166666666667
0 0.11249999999999999 0.350833320618 0.125 0.166666666667
0 0.109375 0.0341666698456 0.125 0.166666666667
