0 0.22499999999999998 0.723749987284 0.125 0.166666666667
0 0.2140625 0.41958332061799997 0.125 0.166666666667
0 0.21718749999999998 0.0675000031789 0.125 0.166666666667
0 0.425 0.180000003179 0.125 0.166666666667
0 0.44375 0.498749987284 0.125 0.166666666667
0 0.6671875 0.357083320618 0.125 0.166666666667
0 0.6734375 0.0591666698456 0.125 0.166666666667
0 0.675 0.694583320618 0.125 0.166666666667
0 0.8890625 0.519583320618 0.125 0.166666666667
0 0.8890625 0.18833333651199996 0.125 0.166666666667
