0 0.5046875 0.265416669846 0.125 0.166666666667
0 0.4984375 0.615416653951 0.125 0.166666666667
0 0.7234375 0.102916669846 0.125 0.166666666667
0 0.73125 0.402916653951 0.125 0.166666666667
0 0.7296875 0.742499987284 0.125 0.166666666667
0 0.95625 0.265416669846 0.125 0.166666666667
0 0.971875 0.600833320618 0.125 0.166666666667
0 0.034375 0.586249987284 0.125 0.166666666667
0 0.010937500000000003 0.24875000317899998 0.125 0.166666666667
0 0.265625 0.0820833365122 0.125 0.166666666667
0 0.28125 0.44041665395099994 0.125 0.166666666667
0 0.2640625 0.790416653951 0.125 0.166666666667
