0 0.5234375 0.473749987284 0.125 0.166666666667
0 0.5453125 0.12583333651199996 0.125 0.166666666667
0 0.74375 0.315416653951 0.125 0.166666666667
0 0.728125 0.634166653951 0.125 0.166666666667
0 0.2671875 0.632083320618 0.125 0.166666666667
0 0.2828125 0.259166669846 0.125 0.166666666667
0 0.0546875 0.42374998728399993 0.125 0.166666666667
0 0.08124999999999999 0.09458333651219998 0.125 0.166666666667
0 0.037500000000000006 0.834166653951 0.125 0.166666666667
0 0.9671875000000001 0.498749987284 0.125 0.166666666667
0 0.9750000000000001 0.165416669846 0.125 0.166666666667
