0 0.128125 0.675833320618 0.125 0.166666666667
0 0.103125 0.323749987284 0.125 0.166666666667
0 0.0875 0.027916669845599998 0.125 0.166666666667
0 0.3453125 0.475833320618 0.125 0.166666666667
0 0.334375 0.804999987284 0.125 0.166666666667
0 0.3296875 0.15083333651199998 0.125 0.166666666667
0 0.5734375 0.644583320618 0.125 0.166666666667
0 0.55 0.300833320618 0.125 0.166666666667
0 0.81875 0.754999987284 0.125 0.166666666667
0 0.790625 0.12375000317899999 0.125 0.166666666667
0 0.8 0.42583332061799994 0.125 0.166666666667
