0 0.2546875 0.696666653951 0.125 0.166666666667
0 0.2515625 0.342499987284 0.125 0.166666666667
0 0.509375 0.477916653951 0.125 0.166666666667
0 0.4859375 0.15916666984599998 0.125 0.166666666667
0 0.7578125 0.679999987284 0.125 0.166666666667
0 0.7078125 0.342499987284 0.125 0.166666666667
0 0.9437500000000001 0.504999987284 0.125 0.166666666667
0 0.9593750000000001 0.825833320618 0.125 0.166666666667
0 0.940625 0.180000003179 0.125 0.166666666667
0 0.0390625 0.475833320618 0.125 0.166666666667
0 0.040624999999999994 0.15500000317899998 0.125 0.166666666667
