0 0.4921875 0.475833320618 0.125 0.166666666667
0 0.48750000000000004 0.0904166698456 0.125 0.166666666667
0 0.2453125 0.296666653951 0.125 0.166666666667
0 0.2375 0.650833320618 0.125 0.166666666667
0 0.020312499999999997 0.492499987284 0.125 0.166666666667
0 0.028124999999999997 0.0966666698456 0.125 0.166666666667
0 0.728125 0.315416653951 0.125 0.166666666667
0 0.73125 0.646666653951 0.125 0.166666666667
0 0.9390624999999999 0.140416669846 0.125 0.166666666667
0 0.9609375 0.509166653951 0.125 0.166666666667
