0 0.528125 0.709166653951 0.125 0.166666666667
0 0.5265625 0.24875000317899998 0.125 0.166666666667
0 0.2828125 0.06333333651219998 0.125 0.166666666667
0 0.3 0.44874998728399995 0.125 0.166666666667
0 0.2828125 0.765416653951 0.125 0.166666666667
0 0.034375 0.571666653951 0.125 0.166666666667
0 0.037500000000000006 0.180000003179 0.125 0.166666666667
0 0.971875 0.288333320618 0.125 0.166666666667
0 0.9796875 0.646666653951 0.125 0.166666666667
0 0.7515625 0.42374998728399993 0.125 0.166666666667
0 0.75625 0.0654166698456 0.125 0.166666666667
0 0.76875 0.767499987284 0.125 0.166666666667
