0 0.5515625 0.43416665395099996 0.125 0.166666666667
0 0.546875 0.0820833365122 0.125 0.166666666667
0 0.7578125 0.267499987284 0.125 0.166666666667
0 0.771875 0.607083320618 0.125 0.166666666667
0 0.9890625 0.10083333651200001 0.125 0.166666666667
0 0.08124999999999999 0.388333320618 0.125 0.166666666667
0 0.059375 0.055000003178899984 0.125 0.166666666667
0 0.06562499999999999 0.792499987284 0.125 0.166666666667
0 0.3 0.598749987284 0.125 0.166666666667
0 0.2890625 0.24041666984599996 0.125 0.166666666667
