0 0.1109375 0.746666653951 0.125 0.166666666667
0 0.12031249999999999 0.407083320618 0.125 0.166666666667
0 0.3390625 0.255000003179 0.125 0.166666666667
0 0.3390625 0.577916653951 0.125 0.166666666667
0 0.5734375 0.748749987284 0.125 0.166666666667
0 0.571875 0.41749998728399995 0.125 0.166666666667
0 0.5828125 0.0883333365122 0.125 0.166666666667
0 0.7796875 0.255000003179 0.125 0.166666666667
0 0.796875 0.604999987284 0.125 0.166666666667
0 0.11406250000000001 0.07166666984560001 0.125 0.166666666667
