0 0.5203125 0.055000003178899984 0.125 0.166666666667
0 0.51875 0.394583320618 0.125 0.166666666667
0 0.49687499999999996 0.721666653951 0.125 0.166666666667
0 0.275 0.198750003179 0.125 0.166666666667
0 0.2640625 0.563333320618 0.125 0.166666666667
0 0.03125 0.334166653951 0.125 0.166666666667
0 0.037500000000000006 0.0154166698456 0.125 0.166666666667
0 0.014062500000000006 0.729999987284 0.125 0.166666666667
0 0.7484375 0.21750000317899998 0.125 0.166666666667
0 0.74375 0.579999987284 0.125 0.166666666667
0 0.9593750000000001 0.06958333651220001 0.125 0.166666666667
0 0.9671875000000001 0.390416653951 0.125 0.166666666667
0 0.9671875000000001 0.767499987284 0.125 0.166666666667
