0 0.559375 0.461249987284 0.125 0.166666666667
0 0.5734375 0.06333333651219998 0.125 0.166666666667
0 0.7578125 0.661249987284 0.125 0.166666666667
0 0.7734375 0.265416669846 0.125 0.166666666667
0 0.9781249999999999 0.48624998728399993 0.125 0.166666666667
0 0.9828125000000001 0.136250003179 0.125 0.166666666667
0 0.0796875 0.402916653951 0.125 0.166666666667
0 0.1234375 0.0508333365122 0.125 0.166666666667
0 0.0625 0.757083320618 0.125 0.166666666667
0 0.2765625 0.600833320618 0.125 0.166666666667
0 0.303125 0.211250003179 0.125 0.166666666667
