0 0.2921875 0.577916653951 0.125 0.166666666667
0 0.271875 0.23625000317899997 0.125 0.166666666667
0 0.49375 0.373749987284 0.125 0.166666666667
0 0.5109375 0.734166653951 0.125 0.166666666667
0 0.490625 0.030000003178900003 0.125 0.166666666667
0 0.728125 0.20083333651199997 0.125 0.166666666667
0 0.7234375 0.538333320618 0.125 0.166666666667
0 0.95625 0.684166653951 0.125 0.166666666667
0 0.934375 0.354999987284 0.125 0.166666666667
0 0.0578125 0.379999987284 0.125 0.166666666667
0 0.0359375 0.729999987284 0.125 0.166666666667
