0 0.5640625 0.521666653951 0.125 0.166666666667
0 0.55 0.17791666984599996 0.125 0.166666666667
0 0.7734375 0.357083320618 0.125 0.166666666667
0 0.796875 0.0737500031789 0.125 0.166666666667
0 0.771875 0.723749987284 0.125 0.166666666667
0 0.059375 0.557083320618 0.125 0.166666666667
0 0.0578125 0.20083333651199997 0.125 0.166666666667
0 0.321875 0.390416653951 0.125 0.166666666667
0 0.309375 0.746666653951 0.125 0.166666666667
0 0.9890625 0.17375000317899997 0.125 0.166666666667
0 0.9953125 0.517499987284 0.125 0.166666666667
