0 0.46406250000000004 0.573749987284 0.125 0.166666666667
0 0.434375 0.238333336512 0.125 0.166666666667
0 0.6671875 0.346666653951 0.125 0.166666666667
0 0.6390625 0.07166666984560001 0.125 0.166666666667
0 0.6671875 0.698749987284 0.125 0.166666666667
0 0.9125 0.525833320618 0.125 0.166666666667
0 0.9015625 0.194583336512 0.125 0.166666666667
0 0.22812500000000002 0.746666653951 0.125 0.166666666667
0 0.1984375 0.42374998728399993 0.125 0.166666666667
0 0.19374999999999998 0.09250000317890002 0.125 0.166666666667
