0 0.9515625000000001 0.19041666984599998 0.125 0.166666666667
0 0.9593750000000001 0.521666653951 0.125 0.166666666667
0 0.71875 0.319583320618 0.125 0.166666666667
0 0.7328125 0.675833320618 0.125 0.166666666667
0 0.503125 0.48833332061799994 0.125 0.166666666667
0 0.5171875 0.140416669846 0.125 0.166666666667
0 0.2640625 0.275833320618 0.125 0.166666666667
0 0.2375 0.617499987284 0.125 0.166666666667
0 0.026562500000000003 0.442499987284 0.125 0.166666666667
0 0.04375 0.11333333651200002 0.125 0.166666666667
