0 0.934375 0.43416665395099996 0.125 0.166666666667
0 0.9140625 0.761249987284 0.125 0.166666666667
0 0.684375 0.573749987284 0.125 0.166666666667
0 0.7125 0.17791666984599996 0.125 0.166666666667
0 0.48124999999999996 0.379999987284 0.125 0.166666666667
0 0.4765625 0.030000003178900003 0.125 0.166666666667
0 0.22031250000000002 0.502916653951 0.125 0.166666666667
0 0.2421875 0.167500003179 0.125 0.166666666667
0 0.009374999999999994 0.329999987284 0.125 0.166666666667
0 0.4328125 0.713333320618 0.125 0.166666666667
