0 0.2515625 0.846666653951 0.125 0.166666666667
0 0.22812500000000002 0.500833320618 0.125 0.166666666667
0 0.22031250000000002 0.184166669846 0.125 0.166666666667
0 0.4984375 0.667499987284 0.125 0.166666666667
0 0.4984375 0.359166653951 0.125 0.166666666667
0 0.47968750000000004 0.025833336512200003 0.125 0.166666666667
0 0.7125 0.484166653951 0.125 0.166666666667
0 0.709375 0.165416669846 0.125 0.166666666667
0 0.9390624999999999 0.704999987284 0.125 0.166666666667
0 0.9390624999999999 0.325833320618 0.125 0.166666666667
