0 0.03125 0.869583320618 0.125 0.166666666667
0 0.028124999999999997 0.507083320618 0.125 0.166666666667
0 0.018750000000000003 0.148750003179 0.125 0.166666666667
0 0.25625 0.657083320618 0.125 0.166666666667
0 0.23281249999999998 0.323749987284 0.125 0.166666666667
0 0.49531250000000004 0.767499987284 0.125 0.166666666667
0 0.48906249999999996 0.467499987284 0.125 0.166666666667
0 0.44999999999999996 0.140416669846 0.125 0.166666666667
0 0.725 0.623749987284 0.125 0.166666666667
0 0.6828125 0.267499987284 0.125 0.166666666667
0 0.91875 0.42374998728399993 0.125 0.166666666667
