0 0.5125 0.286249987284 0.125 0.166666666667
0 0.5046875 0.627916653951 0.125 0.166666666667
0 0.7453125 0.130000003179 0.125 0.166666666667
0 0.7265625 0.467499987284 0.125 0.166666666667
0 0.734375 0.827916653951 0.125 0.166666666667
0 0.98125 0.646666653951 0.125 0.166666666667
0 0.9765625 0.317499987284 0.125 0.166666666667
0 0.0031250000000000028 0.611249987284 0.125 0.166666666667
0 0.012499999999999997 0.269583320618 0.125 0.166666666667
0 0.2703125 0.11750000317900001 0.125 0.166666666667
0 0.24843749999999998 0.44041665395099994 0.125 0.166666666667
0 0.24843749999999998 0.775833320618 0.125 0.166666666667
