0 0.083594 0.779630 0.168229 0.300000
0 0.089583 0.180556 0.172917 0.307407
0 0.275521 0.415741 0.189583 0.337037
0 0.081510 0.483333 0.164063 0.292593
0 0.295052 0.113426 0.127604 0.226852
0 0.475781 0.324537 0.171354 0.304630
0 0.684115 0.192130 0.174479 0.310185
0 0.890104 0.125926 0.139583 0.248148
0 0.861198 0.439815 0.169271 0.300000
0 0.647396 0.519444 0.157292 0.279630
0 0.454688 0.604630 0.168750 0.300000
0 0.251302 0.693056 0.158854 0.282407
0 0.619271 0.791667 0.168750 0.300000
0 0.838021 0.758333 0.176042 0.312963